&SIB_RUN
 DATE1= 2001010102,
 DATE2= 2014123124,
 INFILE2="/home/hidro2roilan/Dropbox/Dissertacao/TORRE.txt                                                                        ",
 DTT=  3600.0000000000000     ,
 ITRUNK=         20,
 ILW=          2,
 /
&SIB_INVARS
 IVTYPE=          2,
 ISTYPE=          3,
 ISNOW=          0,
 IPBL=          1,
 IDIRR=          0,
 DECAY=  4.5306848818410099     ,
 ZLONG= -47.630000000000003     ,
 ZLAT= -21.609999999999999     ,
 POROS= 0.37417812541189199     ,
 PHSAT=-0.22660063599402999     ,
 SATCO=  7.1449628394180499E-007,
 BEE=  1.1000000000000001     ,
 SLOPE=  2.9999999999999999E-002,
 SLPP=  1.0000000000000000     ,
 TC=  298.00000000000000     ,
 TG=  298.00000000000000     ,
 TD=  297.00000000000000     ,
 CAPAC= 2*0.0000000000000000       ,
 SNOWW= 2*0.0000000000000000       ,
 WWW= 3*0.92000000000000004      ,
 SURDEP=  0.0000000000000000     ,
 GWDEP=  8.0715278219543904     ,
 APP=  1.0000000000000000E-004,
 BPP=  20.000000000000000     ,
 CPP= 0.99990000000000001     ,
 /
&SIB_INITIALV
 TC_INI=  298.00000000000000     ,
 TG_INI=  298.00000000000000     ,
 TD_INI=  297.00000000000000     ,
 WWW_INI= 3*0.92000000000000004      ,
 /
&SIB_CAEROD
 ZWIND=  21.000000000000000     ,
 ZMET=  11.000000000000000     ,
 /
&SIB_VDERIV
 GMUDMU=  1.0000000000000000     ,
 /
 /home/hidro2roilan/Dropbox/Dissertacao/TORRE.txt
 /home/hidro2roilan/ADBHM/trash/sib2diagdhs.txt
